RESACRE
0
0
0
0
0
0
0
0
0
0
0
0
0
0
0
0
0
0
0
0
0
0
0
0
0
0
0
0
0
0
0
0
0
0
0
0
0
0
0
0
0
0
0
0
0
0
0
0
0
0
0
0
0
0
0
0
0
0
0
0
0
0
0
0
0
0
0
0
0
0
0
0
0
0
0
0
0
0
0
0
0
0
0
0
0
0
0
0
0
0
0
0
0
0
0
0
0
0
0
0
0
0
0
0
0
0
0
0
0
0
0
0
0
0
0
0
0
0
0
0
0
0
0
0
0
0
0
0
0
0
0
0
0
0
0
0
0
0
0
0
0
0
0
0
0
0
0
0
0
0
0
0
0
0
0
0
0
0
0
0
0
0
0
0
0
0
0
0
0
0
0
0
0
0
0
0
0
0
0
0
0
0
0
0
0
0
0
0
0
0
0
0
0
0
0
0
0
0
0
0
0
0
0
0
0
0
0
0
0
0
0
0
0
0
0
0
0
0
0
0
0
0
0
0
0
0
0
0
0
0
0
0
0
0
0
0
0
0
0
0
0
0
0
0
0
0
0
0
0
0
0
0
0
0
0
0
0
0
0
0
0
0
0
0
0
0
0
0
0
0
0
0
0
0
0
0
0
0
0
0
0
0
0
0
0
0
0
0
0
0
0
0
0
0
0
0
0
0
0
0
0
0
0
0
0
0
0
0
0
0
0
0
0
0
0
0
0
0
0
0
0
0
0
0
0
0
0
0
0
0
0
0
0
0
0
0
0
0
0
0
0
0
0
0
0
0
0
0
0
0
0
0
0
0
0
0
0
0
0
0
0
0
0
0
0
0
0
0
0
0
0
0
0
0
0
1
1
1
1
1
1
1
1
1
1
1
1
1
1
1
1
1
1
1
1
1
1
1
1
1
1
1
1
1
1
1
1
1
1
1
1
1
1
1
1
1
1
1
1
1
1
1
1
1
1
1
1
1
1
1
1
1
1
1
1
1
1
1
1
1
1
1
1
1
1
1
1
1
1
1
1
1
1
1
2
2
2
2
2
2
2
2
2
2
2
2
2
2
2
2
2
2
2
2
2
2
2
2
2
2
2
2
2
2
2
2
2
2
2
2
2
3
3
3
3
3
3
3
3
3
3
3
3
3
3
3
3
3
3
3
3
3
3
3
3
3
3
3
3
3
4
4
4
4
4
4
4
4
4
4
4
4
4
4
4
4
4
4
4
4
4
4
4
4
5
5
5
5
5
5
5
5
5
5
5
5
5
5
5
5
5
5
5
5
5
6
6
6
6
6
6
6
6
6
6
6
6
6
6
6
7
7
7
7
7
7
7
7
7
7
7
7
7
7
7
7
7
7
8
8
8
8
8
8
8
8
8
8
8
8
8
8
9
9
9
9
9
9
9
9
9
9
9
9
9
9
9
9
9
9
10
10
10
10
10
10
10
10
10
10
10
10
10
10
10
11
11
11
11
11
11
11
11
11
11
11
12
12
12
12
12
12
12
12
12
12
12
12
12
12
12
13
13
13
13
13
13
13
13
13
13
13
13
14
14
14
14
14
14
14
14
14
14
14
14
14
14
14
14
15
15
15
15
15
15
15
15
15
15
15
16
16
16
16
16
16
16
16
16
16
16
16
16
16
16
16
16
17
17
17
17
17
17
17
17
17
17
17
17
17
17
17
17
17
17
18
18
18
18
18
18
18
18
18
18
18
18
18
18
18
18
19
19
19
19
19
19
19
19
19
19
19
19
20
20
20
20
20
20
20
21
21
21
21
21
21
21
21
21
21
21
21
22
22
22
22
22
22
22
22
22
22
22
22
22
22
22
23
23
23
23
23
23
23
23
23
23
23
23
23
23
23
24
24
24
24
24
24
24
24
24
24
25
25
25
25
25
25
25
25
25
25
25
25
25
25
25
26
26
26
26
26
26
26
26
26
26
26
26
26
27
27
27
27
27
27
27
27
27
27
27
27
27
27
27
27
27
28
28
28
28
28
28
28
28
28
28
28
28
28
29
29
29
29
29
29
29
29
29
29
29
29
30
30
30
30
30
30
30
30
30
30
30
30
30
30
30
30
30
31
31
31
31
31
31
31
31
31
32
32
32
32
32
32
32
32
32
32
32
32
32
32
32
33
33
33
33
33
33
33
33
33
33
33
33
33
33
33
34
34
34
34
34
34
34
34
34
34
34
35
35
35
35
35
35
35
35
35
35
35
35
35
35
35
35
36
36
36
36
36
36
36
37
37
37
37
37
37
37
37
37
37
37
37
38
38
38
38
38
38
38
38
38
39
39
39
39
39
39
39
39
39
39
39
39
39
39
40
40
40
40
40
40
40
40
40
40
40
40
40
41
41
41
41
41
41
41
41
41
41
41
41
42
42
42
42
42
42
42
42
42
42
42
42
42
42
42
42
43
43
43
43
43
43
43
43
43
43
43
43
43
43
44
44
44
44
44
44
44
44
44
44
45
45
45
45
45
45
45
45
45
45
46
46
46
46
46
46
46
46
46
47
47
47
47
47
47
47
47
47
47
48
48
48
48
48
48
48
48
48
48
48
48
48
48
49
49
49
49
49
49
49
49
49
49
50
50
50
50
50
50
50
50
50
50
50
50
51
51
51
51
51
51
51
51
51
51
51
52
52
52
52
52
52
52
52
52
52
52
52
53
53
53
53
53
53
53
53
53
53
53
53
53
54
54
54
54
54
54
54
54
54
55
55
55
55
55
55
55
55
55
55
55
55
55
56
56
56
56
56
56
56
56
57
57
57
57
57
57
57
57
57
57
57
57
58
58
58
58
58
58
58
58
58
58
58
58
58
59
59
59
59
59
59
59
60
60
60
60
60
60
60
60
61
61
61
61
61
61
61
61
61
62
62
62
62
62
62
62
62
62
63
63
63
63
63
64
64
64
64
65
65
65
65
66
66
66
66
66
66
66
66
66
66
67
67
67
67
67
67
68
68
68
68
68
68
69
69
69
69
69
69
70
70
70
70
71
71
71
71
71
71
71
71
71
71
72
72
72
72
72
72
72
72
72
72
73
73
73
73
73
73
73
73
73
73
74
74
74
74
74
74
74
74
74
74
74
75
75
75
75
75
75
76
76
76
76
76
76
76
77
77
77
77
77
77
77
78
79
79
79
79
79
79
80
80
80
80
81
81
81
81
81
81
81
82
82
82
82
82
82
82
82
82
83
83
83
83
83
83
83
84
84
84
84
84
84
84
84
85
85
85
85
85
85
85
85
86
86
87
88
88
88
88
88
89
89
89
89
90
90
90
90
90
90
90
90
90
91
91
91
91
91
91
92
92
92
93
93
93
93
93
93
93
93
93
93
94
94
94
94
94
95
95
95
95
95
95
95
95
96
96
96
96
97
97
97
97
97
98
98
98
98
99
99
99
99
99
99
99
99
100
100
100
100
100
100
100
100
100
101
101
101
102
102
102
102
103
103
103
103
103
104
104
104
104
104
105
105
105
105
105
105
105
105
105
105
106
106
106
106
106
106
107
108
108
108
108
108
108
108
108
109
109
110
110
110
111
111
111
111
111
111
112
112
112
112
112
112
112
113
113
113
113
113
113
113
114
114
114
114
114
114
115
115
115
115
115
115
115
116
116
116
116
116
116
117
117
117
117
117
118
118
118
118
118
118
118
118
118
118
119
119
119
120
120
120
120
120
121
121
121
121
121
122
122
122
122
122
122
123
123
123
123
123
123
123
124
125
125
125
126
126
126
126
126
127
127
127
128
128
129
129
129
129
129
129
129
130
130
130
131
131
131
131
131
133
133
133
133
133
133
134
134
134
135
135
135
136
136
136
137
137
137
137
137
138
138
138
139
139
139
139
139
140
140
140
141
141
141
141
141
142
143
143
143
143
143
143
143
144
144
144
144
144
144
144
145
145
145
146
146
146
146
147
147
147
147
147
147
148
148
148
148
149
149
149
149
149
150
151
151
151
151
151
151
152
152
152
152
152
153
153
153
153
153
153
153
153
153
154
154
154
154
154
154
154
154
154
154
154
154
154
155
155
155
155
156
156
156
156
156
156
156
156
156
156
157
157
157
158
158
158
158
158
159
159
159
159
159
159
160
161
161
161
161
162
162
162
162
162
162
163
163
163
163
163
164
165
165
165
165
165
166
166
166
166
167
167
167
167
168
168
168
168
168
169
169
169
169
169
169
169
169
169
170
170
171
171
171
172
172
173
173
173
173
174
174
174
174
175
175
176
176
176
176
176
176
176
176
176
176
177
177
178
178
178
178
179
179
179
180
180
180
180
180
180
181
181
181
181
181
181
182
182
182
182
182
183
183
183
184
184
185
185
186
186
187
187
188
188
188
189
189
189
189
189
189
189
189
190
190
190
191
191
191
192
192
192
194
194
194
195
195
195
196
196
196
196
196
196
197
197
197
198
198
198
198
199
199
199
201
201
202
202
202
202
203
203
204
204
204
205
205
205
205
205
206
206
206
206
207
207
207
208
208
208
209
209
209
210
210
210
210
210
210
211
212
212
212
213
213
214
214
214
215
216
216
216
216
216
217
217
217
217
217
218
218
218
218
219
219
220
220
220
221
222
222
222
223
223
223
224
224
224
225
226
226
226
227
227
227
227
227
228
229
229
230
230
230
230
231
232
232
233
233
234
235
235
235
235
236
237
238
238
239
240
240
240
240
241
241
241
242
242
242
243
244
244
244
245
245
245
246
246
247
247
247
248
248
249
251
251
251
252
252
252
255
256
257
257
257
258
258
258
258
258
258
259
259
259
259
260
260
260
260
260
260
261
261
261
261
261
262
263
263
263
264
264
264
265
265
266
266
267
268
268
269
270
270
270
271
272
272
272
272
273
274
274
275
275
275
276
276
276
277
277
278
278
280
280
280
280
281
282
282
284
286
286
286
287
287
287
287
287
287
288
288
289
289
289
291
291
291
291
292
292
293
293
293
293
294
295
295
296
296
297
298
299
299
299
301
301
301
304
304
304
305
305
306
306
306
307
307
307
307
308
308
308
309
310
310
310
311
311
313
313
314
316
317
318
318
319
320
321
323
323
323
324
324
325
327
328
328
329
331
331
331
332
332
334
334
336
336
337
337
337
340
340
344
345
345
345
346
347
348
348
349
349
351
353
354
354
354
354
354
354
354
355
356
357
358
358
359
362
366
366
366
367
368
369
370
370
372
372
372
372
373
373
373
375
375
376
377
378
379
379
380
381
385
387
387
388
388
389
389
389
390
391
393
394
396
397
399
399
400
401
401
403
404
405
405
405
406
406
407
407
409
412
412
414
414
414
415
416
418
419
420
420
420
423
424
426
428
430
431
431
432
432
432
434
434
436
437
438
438
440
442
443
443
448
449
450
451
452
453
454
456
457
458
458
459
460
465
465
466
466
466
467
469
469
469
471
472
473
480
480
485
487
488
488
489
490
490
491
492
492
493
494
498
498
499
499
499
500
500
501
501
501
502
503
503
504
504
505
508
510
510
511
513
513
515
516
518
520
525
525
526
528
528
529
531
532
537
539
541
541
541
547
551
553
556
557
557
560
563
563
569
570
571
585
588
593
594
595
597
600
602
606
607
612
613
614
614
614
615
618
620
622
623
623
623
625
629
633
635
636
638
641
645
647
650
663
666
673
677
684
684
686
689
689
690
691
693
696
702
704
704
708
708
713
718
719
728
738
746
747
754
757
758
760
762
763
765
778
784
790
798
799
799
813
816
817
823
827
829
834
836
849
849
850
852
864
865
879
880
888
896
897
898
900
910
928
929
938
967
970
975
979
1067
1076
1086
1105
1112
1119
1126
1128
1139
1140
1174
1189
1195
1199
1207
1208
1209
1218
1262
1269
1275
1278
1278
1285
1292
1296
1310
1316
1335
1372
1372
1399
1408
1416
1445
1451
1454
1463
1471
1494
1510
1517
1551
1570
1590
1643
1656
1671
1685
1764
1769
1779
1810
1837
1849
1865
1895
1896
1953
2035
2159
2218
2257
2281
2285
2354
2365
2473
2582
2600
2638
2716
2843
2857
3103
3109
3159
3220
3241
3402
3532
3658
3685
3768
3778
3812
3836
3856
3919
4044
4066
4083
4505
4800
