Result Matrix (80x80):
  38  -52  -39  -16  -15  -38    9  -22  -87   -6   46  -37    1   -4  -39   32    3  -39   53  -74   29   38   53   29   78  -41   13  -42   37  -18  -44  -12  -56   -6    2    6   15  -52  -62   -4   -6  -23  -20  -58  -51  -12   48   -6  -45    0   29  -18   22   49  -35  -27  -52  -28  -23   40  -32  -39   15    4  -60   -8   36   47   30  -28   25  -34   38   -9  -30  -12  -12   -3  -35   -9 
 -10   22  -40  -28  -88  -14  -29   34   30   46  -45    8    9   15  -23   60   28  -35   22  -77  -80  -40   -1   25   52   57   -1  -10   76   63    7   57  -22    7   40   -8  -11   54  -33   13   85   -5   -6  -11   13   -8   15  -51  -40   47   36  -15  -55    2   -7   39   26  -70   -1  -52   17  -44  -17   25  -27   13   75  -19   35  -15   30  -21  -66   23   43   39  -31    5   34  -11 
 -61   21   -3   38   88  -14  -18  -15  -16  -19   28    4  -59   20  -35    3    3  -25    3   72    4  -40    9   17  -16   39  105   13    8  -47   -8  -32   22  -24  -24  -44   11  -21   70   18   -3  -56   34  -27  -29   59  -51   40   20  -30  -11   81  -57   -9   54   17   44  -77    2   13   40  -79  -70   -7  -13    8   13   55   38  -41   28   43   -5   14   26  -24   21   12   11   41 
  97    4   86   75   19    7  -33   17   15   12   77  -19  -57   42    8  -17  -14  -72   54   24  -21  -86    9  -45  -37   67   11    9   -6    6    4   70  -24    0   85  -22   31   48  -11   47  -12   95  -38    0  -47   46  -38  -63   47  -58  -33  -33   11   22   23   48   60   21  -30   89   -5   48  -25  -40    4   30  -55    4  -14   13  -57  -41  -36  -31   12   12   23   55   89    4 
   0   -3   52   39   43   -1  -24   30   -9    8   20  -23  -30    6   35    1  -19  -57  -52   29   -6  -97   37   -2    6   -6  145    9  -66   17    3    6   57  -43   56   25   41   23   -7  -18  -52  -12   13  -79  -27   52  -34  -18   12  -26  -77   -6   35   37   30  -27   -6    1  -43    3   48  -25  -47  -12   11   10   53  -28  -52   59   80   70    9    9  -30    4  -16   20  -30   26 
  77   10   -4   28   45   57    5  -80  -55   33   23  -21  -64  -12  -65   72   33   32   87   21   13  -95   47    9   12  -50  -20  -84   -6   21   11   43  -11  -69   12   54    1   22  -31   51  -10  -27  -66   45  -23   19   -4  -58  -63    5  -34  -18  -24   -6  -22    3  -12  -39    2   22  -39   16    5   -6  -43   22   33   65   41  -35   63   37  -16    3   54  -13   -6   32    5    0 
  12  -18    7    2   11   48   29   18   31   10  -45  -19   30   -3   90   97   32  -11  -56  -46   -3  -55  -11   -5   41   48   56  -32   35   36    3   57   11  -76   64  -34   -8   24  -23    4  -25  -25    9   87   39  -43   48  -13   12   62  -38   95  -61  -24   -6  -47   48  -33   34  -22   -5  -25  -14    6  -21  125  120    1   22   43   -4   27    5    6    3  -34  -39   45  -65   38 
 -46  -38  -14  -36   55    6    9  -48   13  -29  -69   20   13  -23  -62  -22   22   42   37   52   35   16   32  -18    7   24   60   22    3  -91    7  -53    3  -23    0   76   76  -15   41   28    4  -57  -18  -24  -35  -20  -86   54   51   -3   25    1   35  -22  -14   78  -25   -6   34  -54   -8  -50   34   19  -58   -9  101   33  -25    2   20  -44   -5   26  -11  -22   26  -21   -4   18 
  36  -31  -30  -23   20  -89    6   12   45    7   31  -11   20    6  -31  -24    2  -28  -16   11  -49   59   53  -96   14   38  -46  -30  -65   52  -23  -11    7  -34   18   39   77   21  -42  -39  -34  -19  -12  -17  -59  -48  -20   11  -18  -25  -19   22   40   82   16    4  -66  -41  -32   21   38  -25   11  -48   35    3  -25  -10   42  -43    8  -15   66   37  -31   62   12  -10  -20   71 
  24    3  -41  -41  -14  -38  -44   29  -58   62   32   -1  -38  -13  -48   60  -18  -24  -41    6  -59    6  -40  -16   40  -22   56  -34    0  -58   23   -2  -32  -27   35   -9  -78   45   44  -63  -61  -10  -72   10  -27  -42   30  -30   69    9  -34   28  -83   58   41  -17   43    4   30   24   32  -66    6  -25   -1   39   14  -37  -29   -3  -15   33  -39  -61   35   11  -14   14    6  -88 
 -17  -15  -62  -55  -26   26  -10  -20  -24   71   -1    1   42   69    4   -1   78  -14  -12  -52   28   56  -32   42  -22  -53   40   15  -61   43   72  -20   25  -20  -28  -24   42   12  -44  -59  -43    0   59   -2   -7  -41   17    2  -65    6   52   10   24  -12   -3   -9  -84  -31   40  -76   12  -71   15   -3  -44  -18   13   49   33   32   37   -6  -35   31  -28   12   18  -34  -60  -18 
  63  -24    5    1   32  -31    8   55   -8  -14  -24   14  -76   90    6   -2   13  -36    3   -1  -14  -49   38   24   -9  -59   22   12  -30  -33   27  -22    8  -11  -93  -81   65  -25   -6  -23    5  -10   12  -34  -74  -76   -4   42  -21    5  -43   39   38   22   43  -66   51  -72  -33   47   23  -23  -74   48  -75  -15   76   54   17   32  -15  -43  -24   35    3   30   -3  -26   17   50 
  15   17   15    6   25  -28  -24   11   11   47  -13  -60    5  -27   -3    9   83  -43  -22   -6  -23    5   63  -42  -33   36   56  -20   12   -9  -74    9   70  -18   38    9  -74    0  -11   33  -60  -39   19  -50   -8  -12  -41  -30   32   62    4   37   -5   16  -15  -12   19    4  -25   14   -2  -26   -3    6   18    8  -48   -8  -66  -46   21   -6   28  -25   82  -16    0   52   75   11 
 -11  -35  -25  -51    9   28  -17   -7  -20   16   13  -16  -65  -39    7   25    6   50    0   -7  -12   18    8    9   15   -2   45   -2   68   68  -15   13   40  -50   35   44   59   -5   17   32  -41  -27  -56  -26    0    5  -13  -23  -13   30  -40   19   16  -11  -16   18   -1   12  -19  -18  -36  -33   42    0  -18   -2  -36   21  -58   54  -34  -79   16  -13  -30    0  -21   14   47  -42 
  13   -9  -32   29   43  -48  -32  -39   13   76   50    7   32  -17  -33    1    6  -35   22   -8    4  -27   61   45   25  -57   -3    2  -20  -28   34  -41  -13  -55   -7    0  -84  -47   -9  -58   33   34  -42  -58   36  -28   -6  -23  -31   39   57   54  -18   94   51  -40  -43  -40  -12  -10   46   -9  -32  -14  -53  -48   17   37   -8  -23   36   78  -22  -35   17  -37  -50  -18   19   -5 
  21   37  -44  -19   12   56  -22   14   10  -46  -36  -31  -34  -55   29  -54    3    6   12  -24   13  -15   66    4  -25    8  -54   29   33    7  -17   21  -11    3   -1   59   19    4  -20   31   21   37  -65  -81   16   22   11  -67  -59  -35  -30  -20  -12   -7  -53   39   38   37  -26   -9  -11  -19  -22   -8  -36    3   -8   -6  -53  -35  -61  -46   -9   19   21   49   17  101   64    1 
  15  -32   19  -49  -41  -54  -16 -122   31   52   10  -41  -39   -5  -39   19  -26   50   42  -16  -15   10   37   53   31  -28  -52    9   21   45    5  -14   43  -64   -7   56   54   45    5  -22  -29  -15   -3   43   25  -46  -14   15  -48    6  -24   36   26   78  -21   25   46  -98  -49  -12   50   41  -45   55  -34   13   80  -14  -47   -4   52    6   -5  -14   49  -21   -2  -67  -36   50 
   2  -49    4    9  -55  -80   11  -28    7  -18  -21  -52   58   23   35   48    8   42   29   34   38  -13   29  -51   -2   31   15  -22   45   -8  -13   18   -9    7   21    0  -42  -50   14  -11  -11  -32   33   47   38  -81    6    5   24   74  -35   85   34   51  -61  -51   10   30   26   36   -1   38   64   61  -40   44   51  -20  -20    7   56   52   21  -31   65  -21   15  -32  -31   53 
 -27    8   13   33    1  -41  -31   25   -8   21  -51   54    7   80    1  -38  -28   16    0   38  -30  -33    3   10  -43   -5   40   49  -10  -28   41   41  -30  -20   30  -22   65   -2  -26   24  -43    1  -16   42  -43  -21  -63    1   27   51   52    1   30   13  -73   30    4  -24  -14   -3   12   29  -25  -20   14   55  -46   11   14  -52    6  -24  -26   29   -5    1  -24   33   16   30 
   8  -18  -84  -40    5  -43  -20  -36  -17  -55  -47   36   36   15   19  -39  -51   29  -22    3  -19   46   35   36  -42  -26  -53   35  -30  -25  -50   11   -5   85  -95  -48   23    6   61  -52  -55  -16   16  -44  -50  -57    4   80   66  -32    0  -26   65   36  -36  -36   -7   -3    3   -2  -12   15   22    6    8  -13    3  -66   23  -10   26   34   40  -36   36   34    8  -32  -40    5 
  -3   22   79  -37  -88  -73  -16   35  -66   32  -19  -48   27  -29   17   12   18   56   46    4   13   13   32   16   12  -48  -95   27    2   20  -70   26   22   46  -44  -76  -35   -1  -41  -10   27   -1   14  -63   45  -22  -30  -44    3   48    8  -46   46   80  -25   31  -43   -5   13    4  -70    9   -3   54   31  -82   -8  -27  -24  -53    0   57  -18  -70  -18   75    4   -4   20   25 
  74  -29   -1   61 -108   24   29    3    9   67    1  -20   95  -30   -4   15  -12  -47   19  -52  -30  -35   -4  -17   37   58  -33    9   23   43   22   49  -49  -12  115   54   46  -50  -61   36   35   49   28  -20    8   15   -7  -99   36  -43  -23  -97   58   32   29   16   18   84  -46   41  -26   43   32   48    4   25  -36    1  -31   38  -36  -38    8  -56  -19   -2   57  -22   64  -15 
  22   30  -30  -57  -24  -28  -19 -106  -12  -22   -7   -4   27   21  -84  -17  -41  -22  -10    4  -26  -37    2   27   52  -36   37  -52   24   16   35  -44   61   61  -10   61   -7   16  -23  -34  -45  -26  -18   22  -55  -19  -22  -11    8   43   26  -29    2   24  -21   13    9   37   60   -4   16    7   -3  -11   53   10   57  -85  -20   16   30   18    2  -14   14   46   17    2  -34   21 
  41   19   -1    4    3   23   16   15  -33    2    7   -2   85  -25   48  -31    7   16  -55    3   14  -36   23   -9   37  -14   -8    1  -15  -14   21    5  -10   16   14  -15    0  -40  -19  -51  -13   39  -15  -31   37   -9  -32  -44  -26   78   60   37   18   30   25  -13  -15  -19    9   -3  -15   59   11  -82  -14   -7  -26  -27    1  -39    1   19  -27  -14    6   32   16   26   19   -8 
  45   33  -53  -37   20   26  -29   42  -34  -45   19  -11  -38   35  -13   -8    3   10   -8   -4   81  -29   -7   27   53  -17  -24   19  -91   44   10   28   17   32  -26  102   15    2   -5 -108  -49  -38   -1  -62  -43   38    9   -7  -19  -24  -70   -3   36  -52   29  -84  -19  -37  110  -43  -16  -22    3  -60    3   33  -33    4    2  -24   -4  -70   36   13  -25   16   43   39    1    7 
  -1   -4  -32  -32   -9  118    9   -8   34   86   -6   57   33  -23  -59   32   22  -10    2  -42  -25    7   54   53   46  -25    3  -77    3   35   15   26    0  -42  -30   33   34    3  -20   30  -15  -14    7   -8   30    3  -20  -56    5   24   -7  -61   40  -17   20   41  -15  -54   44  -28   26  -54    5    9   37   46  -47  -14    0   74    5  -39   11   29   57  -20  -35    4  -40  -57 
   8   49  100  -17  -18   28    0   42  -33   33   -7   -6   41  -38    7  -14   66   27   10   83   -8   -6  -48  -35   30   40   99  -27   33  -49  -57   33    9    3   19  -58  -51  -63   24   44    9   41   21   24   68  -32  -85  -17   75    4  -31   -5  -40   12  -18  -20   34   83   43   39  -52   31   62   75   34  -25  -71  -31  -31   88   -6  -30  -73  -69   66  -36  -11   53   37  -30 
  19  -28   37   14   24   23  -13   67   33   -4  -29   14   63  -21   25   45   -6   15  -72  -46   36  -53    2  -66   23    9   20  -13   12  -82   18   27   28    5   65   17    9   -4  -25   24   16    0   36   32  -27   21  -26  -42   53   30  -31   29   69  -25  -10  -29   41   -6   39   -2  -18   50    8  -82   -1   81   34  -55   16  -12   10    0   31   47   45  -45  -54   24   34   64 
 -50   67   45   46   37    0   31   53   44   23   61   -7  -10   -8  -41  -20  -96   18  -22   48   38  -39  -76  -51   29   39   51   11  -68    1   13  -45   19   63   19   -2  -16   48  -56  -36  -30   36  -28   13  122   -9   12  -57   19  -39  -55  -35    1   10    0   20   -1   24   24   33  -38   20  -38  -30   85  -19  -71  -19  -40  -33  -18  -15   25  -11  -26  -24  -27   -8   13   -6 
  26  -29   52   42  -26  -58   37   23  -19   27  -26   11   58   55    4  -62  -23  -20   32  -41   55  -13    4   17   24   11   -3   28  -17    7  -11  -32  -24   30    4  -33   27  -43  -61   23   17   -1   48   12    1  -43    0  -42   36   25   21   -5   21   74  -24   -8  -42  -29  -45    5  -18   68   32   29  -47   10   24  -21  -81  -19  -23    5  -44    0  -21  -28  -22  -17   -4   45 
 -43    0  -11   44  -57   47   55   10  100   44  -34   19   51   46  -23  -18    8  -52   41  -10   -4   -9  -39   28   -3   30  -18  -39  -47   46    0  -64   17    4  -30   -8   17   23  -48  -38  102  -19   43   33    1   16   47    7   25  -25  -51  -25   12   -3  -35  -31  -44  -45   45   37  -23   10    6    4  -76   93  -34  -25    3    1   23  -11  -33   80  -59    3  -56  -26    8    4 
   2  -64   25  -16   22   22   15   44  -37  -16   -3   40  -63  -19  104   43   -6   27   38   -5    8   59   17   52  -61   -7  -44   32   70  -59  -52   64   16   -5   18  -74   -4  -27   -6   71   36  -14   46   19  -64   10   31   32   -4  -41  -42  -34  -14   -2  -16  -54   24   33   19   14   10   30   74  -46   53   47   29   -9   52    1  -70   24    7   -6   -9   38   30    6    2  -18 
  -8  -11  -20   49   -7  -21   32  -11   99  -11   53    6   94   -2    8  -32    5   -6  -12   15   17   69   24   34  -16   30  -24    8    5    2  -28  -92   31   -2    3  -12  -23   78   71  -13   16   16   66  -18   12    2  -46   -8   10   42    8   34   27   59  -14   15  -37  -70  -38   10   14  -11  -35   55  -32    9  -35  -23  -41   -3   82   50  -19   11  -12   -4    3  -15   21  -17 
  -6    8   35   11  -51  -69   37  -25   58    5  -52   14   51   17  -55   37   25    6   -1  -36  -91  -62  141  -28   54   56  -29  -34   33   89  -76    6  -30   20   29   20   24  -25  -34   23  -11  -32  -16   60    4  -16   -4  -81   19   33  -29    8  -62  129  -26   51   -7    1  -45   26    7  -47  -34   11    8   37    2  -28  -50   27   12   50  -70   11   26    4  -97   -4  -42   35 
 -73  -30   64    6   64   35   59  -72  -22   22  -41   14  -19    9   29   56   51  -26   -4   63  -59   15   -8  -20  -20  -40   41   33   12  -65  -11  -69   41  -26   -8   42   -4   11   52   23   25   11   32   81  -65   38  -15  -28   53   84   -8    2  -24   -1   21   67  -50   28   30  -11   25    6  -64   30   49  -23    2   11  -31   36  -16   46   -4  -33  -14   -7  -66  -37   34  -10 
   0  -22   43   42   19  -60   -4  -13   -4   22   32  -49   43   19   33  -29  -17   29    2   88   10   48  -16  -24  -43   21   20   19  -59  -23    1  -18  -24  -38  -33  -76  -51  -24  -32   23   14   61  -24   27   44   31  -33   45   66  -10    8   -2   44  -26   40   10  -46  -17  -87  -26   29  -11   -2   75  -21  -53   54   95   40  -22    4   83   48  -72    1    6   41  -33  -78   -3 
  58   14   10   -7   40   86   39   47  -21  -87    1  -50  -20  -37   74   62  -44   21   18   45   75   -1  -59    1   -3   33  -26  -44   31   -5    2   79  -12    7   42   43  -63   62   54    1  -30   72   19  -33   24   33   18   24  -34  -82    2   14  -21  -29  -29  -36  -44   -7    3  -23  -63   17    4   12  -12   18   54   -5   30   -6  -17  -27   41  -33   17  -48   10   63  -74   -2 
 -76  -48  -57   11  -29    9  -14  -60   24   34  -61  -19   -9   21   55  -10   -1   10    7   -2    1   24   -3   15  -93   32  -30   30  -22   93    7  -16   -1  -24  -34  -63   12   35   32   54   18  -33    8   48  -34    6   47   45   19  -41   12   21  -12   14    6  -32   51  -24   14  -36   46   28   40   41   -7   18   13  -15  -25    3  -25   10  -32   13  -78   78   41  -41  -36   11 
 -27  -42   62  -32   46   10   61   -5    9    2    2  -32   22    6   45  -16   -3   70   19    1   33   85   16   66   75  -32   15   36   -5  -34  -80  -19   20  -34  -37 -105   11  -61  -19  -10   63   29   24    8   37  -27  -12   49    1   19   19   23   39   -8  -51    2   21  -17   44  -23   44   72  -56   27  -40   45   11   55    9   10   19   15    4  -42  -11  -51   -9   -6  -21   28 
 -24   47   22   32   15   11   -8   37   16  -72   69  -51   -6  -30  -52  -56    1  -67   55  -39   21  -12   23   31  -20   -8   -1   52   21   46  -25    8   30   40   96   84   -5   -2   20   41   38  -14   20  -35  -39   50  -26  -48   30  -29    8   20   26  -27  -29   37  -24   24  -39   48    0  -21  -19  -27  -52   32   -8  -15  -72   11  -12  -77   17   41    6  -52   33   24   74   69 
 -45   31  -13  -37   13  -51   38    2  -26   -5  -16  -24  -37  -21   60  -21  -23  -74   14    9    1  -29  -32   55   -2  -21   17   56   81  -10  -31   15   21   52  -35  -67   24  -21   66   25  -47  -18  -33  -30   28  -23   34   44  -15   -3    8    7  -29  -17  -43   30   43   10  -24  -81   14  -34    3   -8   21   66   45   -9   12  -24  -36    5   -4  -20   48   56    1   62  -39  -39 
   1   40   -9   -7   81   26    2    4  -12   24  -80  -44  -58   26   34    1  -15  -33  -22   63  -47  -34   26   41  -85    4  -56   49  -97   57  -44  -15  -26  -44  -17   32   27   46  -25   22   -9   -8   44   -2    6   22  -10  -12   17  -18  -25   15    9   30  -30   -5  -65  -35 -110  -57  100   -7 -115   -2   32   15    0    6   73  -62   25   15  -18   17  -53   20    4  -55   -4   66 
  -6  -10   48  -15   35   60   -2  -10    2   24   29  -59  -82  -69  -25   33    8   15   27   27   65    2  -29   34    5    6   -1   22    8  -18  -71  -23   -5  -35   11  -26   33   27    3   33   39   17  -24  -50   22  -45    7  -82   18  -35  -14   28  -20   -9  -46   22   10  -43  -20  -32  -31   -9    6   33   14   19   55   14  -28  -64   21   -6   -2  -52  -14   30    8  -61   61  -27 
  62   21    2   68  -35  -61   55    5   84   41  -40  -15   25  -32   12  -29  -61  -21   -2   38   49  -75  -16  -36   29   62  -53    4  -14  -16   29    2  -65    4  -35   35  -76   -5  -29  -39   50   57  -30  -23   77  -16    6  -23   32   25  -26  -21  -53   36  -41  -41   34   24  -29    9    5   96    5    0  -19   33  -11   50  -37  -61   13   23   29  -15  -56  -12  -17  -22   26  -14 
 -22   21  -34    3    5   14   -8  -23  -57  -21  -31   62    6  104  -33   -8   24   29  -13    0   42  -31  -14   11   22  -13   -6   -6   -4  -83   -1   -1   -1  -13  -42    2   69  -13  -28  -29  -15   32    8   16  -38   -8   -9   43   -1   26  -23  -29   47   37  -11  -45  -10    0   56  -18   10    2  -54   19   22   80   15  -18   29  -16   -8   10   30  -11  -51   75   -9   51  -70    5 
  27   13   32   10    2  -52   54   33   61  -22  -23  -39   17   60  -23    6  -18  -29  -14   19  -29  -20   -6  -70    5   74   50  -33  -42   27   15   -9   -2   30   59   13  -76   53   25  -37  -24  -21  -28   16   24  -16   41   20   46  -40  -26   83   10   50   75  -33   45  -19   21   62   29   -9   38  -29  -23    5   53  -33  -19   14  -27  -70  -25   74  -18  -28  -36    3   48   65 
  -6   12   -5    6   64   21   -3   15  -28   59   37   14    6    3  -32  -13  -13   41  -29  -35   -7  -41  -24   45   64  -49   -1  -34  -82   65   17   49   16  -35   38  -32   45  -19  -63   41   -5   26  -23  -27   34   37    9  -45  -48  -15   23  -59   14   -7  -18   -6  -14  -28   -2  -65  -15    2  -13  -16  -49   49  -56   21  -15  -17   16   -8  -43   14  -63  -11  -12   18   19    1 
 -21   -8  -76   50  101   28  -12  -12   -3   33   32  -30    5   38  -14   92  -16   15    4  -24  -26   38  -18   11  -54  -35  -25    1  -59  -26   20   42    8   47  -19  -37   -7   86   34   47  -67   59   17  -27   -3  -20   34  -53   12  -12    5   53  -40   46  -41  -47  -11  -40  -29   50  -39  -25  -53  -41  -57   50  -38  -24    2   45  -48   35   -8    2   63  -13  -32   34   13    3 
  63    4   11   -7   34   61    4   33  -10  -49   16  -33  -80  -24  -40   12  -35   61   74  -37  -40    5   13   40   53  -12   35  -81   11   67  -53   -3   38  -30   23   12    6   35   55   62  -18  -10    5   -9  -46   26  -28  -35   -1 -109  -39  -13  -10  -71  -28   25  -31  -13   18   65 -105  -15  -16  -18  -62  -14   31  -26   -1   42   19  -57   15   31   21  -87   18   75    7   39 
 -69   14  -13   24   38  -39  -68    7  -18  -11   16   38  -27   53  -21   44   68  -13  -23   45   10  -12  -39  -36  -15  -10   28   25  -17  -61  -51   41   19    3  -34   -7  -24   88   17  -11  -39    1   17   35  -39    6   -8   55   17   43    0   12   19   65   -7    4   16  -14   11  -17    9  -19  -51   23   21  -15   26  -20    6   33   -2   40  -39  -14  -40   21  -16    1  -16   32 
 -57   39    6   21  -31  -71  -20  -17   83  -24  -14   34   32   49  -17  -76  -17   21   40   86    8  -29   12   -6   21   56   -2   14  -19  -29   46   22  -46   46    1    0  -36  -10  -62   40   96   20  -27   -1  -59   92  -46   85   26   43  125  -17  -18   16   18   36    8    8    4  -13   75  -32  -32  -40   20    3  -50   24  -29  -29  -29   18   10   18  -21    5   47   20   10   33 
  12  -52    8  -42  -20  -53  -16   76   18   42  -24   -2   -5   61   50  -31   21  -38   21  -47   10   42  -12  -42   -6   21  -60   58  -41    7  -13  -33   58   -9   25   51   28   32  -52  -45   28   51   30  -16  -36   -8  -17   49  -46  -23   38  -15    4   27   81  -12  -36 -102    8  -73   43  -11   17   -6  -48  -41   14   29  -44  -64  -24  -47   29   37  -21   32   57    0  -13   73 
  53  -21   -2  -16   32   41  -14  -30   -9  -23   17    8  -41   -4  -20    1  -46   80  -22   30  -22  -37   -7   36   40   -2  -85    3    6   34  -17   83  -11   36    9   40   23    7   39   10  -17   32   -2   64   -3   89    6   -7   -3  -51 -106  -63   34  -71  -73  -34   39   44   22  -69   -8   71  -30    9   15   39   -4  -52   30    7  -19   12   34   29    7  -63   51   56  -33    1 
  34   57  -50   11   21   73  -19  -13  -20    9    2   47   16    5   61  -46  -59  -10    5  -17   39   -5  -26   25  -14   -4  -45    1    8   47   39    7    4  -56  -60   11    0    9  -10    5  -55   50  -45  -11   66  -32   -6   -4   10  -41  -36  -15  -55  -21    6  -37   22    0   64  -20  -17   57   31  -21   13   -6  -13  -33    3    6    2  -45   34  -48  -37   46   89   45  -33  -15 
  33   40   34   52  -65   43   27    8    1   52  -47   44   81  -14  -26   41  -59   48   43    2    0   -3  -42   29   43   10   20  -50   39  -15   25   -4  -31  -53   27   35    5    2  -37   43   36   45  -40   62   43   -1  -53  -74   70   57   13  -19   10   37   -9   82  -16   53  -35   72  -88   24  -17   13   16  -34   15  -23    2  -17   57   60  -13  -23   23  -19  -56   12   15   21 
  -4  -10  -52    9  -36  -94  -42   54  -10  -29    0  -20   -7    3  -21   10   -2  -56  -35  -50  -19   43   -8  -12   -3   -1   22  -12    9   49  -13    2   -2   27   -2  -48    8   20   22    7   17  -23  -64  -49   43  -30   13  -28  -11    3  -22   -3   -9   23  -26    7  -29   17  -51    2    2  -42  -12   41   -3  -28  -19  -39    5   60  -10  -29  -50   37  -79    4  -17   38    3   21 
 -95   27  -13   33   42    2   14   33   50   -9  -13   40  -54   34   89  -16  -27   -7  -18   -1  -11  -19  -32   -4   -9   38   31   66   -9   87   10    6  -23   -6   43 -101   47   61    6   15  -17   -1  -64   16   45    1    5  -23  -32    7  -54   11    2  -54  -53   -4   39  -54  -10  -38   -9  -58 -112  -31   43    2  -25   52   17  -36  -10  -48  -29   46  -51  -37  -38   55   81   21 
 -52   22  -29  -11   16  -11  -45  -13  -57  -42    7   11  -56    2  -47   -1  -33   30   32    3   12   10   57   71  -18  -82   -4   -6   16   30  -15   79    3  -19  -66    2  -18  -45   76  -23   32  -68  -11  -94  -32  -13  -31   -6  -61    3    1   65  -36   10   15  -39    5  -13   23  -36   25  -22   -1   -9    8  -14   44  -51   17   52   14  -36  -22  -22    9   -6    7  -70   11  -27 
   8   -7  -10  -58    6    8  -42  -88   31   46  -13   36   42  -39  -30   12   59   42  -24   20   30   75  -13  -59   81   33   31   47   54  -85  -50  -28   -5  -43  -56   71   -4  -11  -12  -11   -4  -17  -24   62    3  -52  -53   33   29   51  -11   61  -15  -17   -8   65   -5   50   55  -36   17  -36   58  -27   79  -43   -8   39   48  -35  -34  -59   32  -99   49  -32   -7  -40   21  -30 
 -36  -22   -5  -20    9   26  -26   61   58  -23   -1   41   11   18  -18  -28   57   67  -17   15   37   57  -58  -44    2   24  -33   30   -3    7    2   45   61  -27   -6  -33  101  -85   -1   44   57    7   22  -38   13  -30  -20   35   -1  -27  -27   65    7  -42  -18   20  -17   37   -4   18  -34  -11   36  -20  -37   13  -57   -2   32   21  -19  -33   47    4  -14   42  -37   -6   31   40 
 -27   50   39   98   55    0   10   14   62  -56   16   -2  -22   55   -6  -15   -7   -5  -16   72   -5   -4   54   30   -2  -62   28    5  -63   32  -19  -21   51  -27  -30  -18  -29   68   46  -49  -51   11   -4   -4   24    7  -33   31  -37   31  -16   60  -52   30   46    8   -7  -87   -3   -9   10  -40  -85  -45   40    5   32   10    6  -13   51   25   -4   62  -30  -24  -41  -17  -24   25 
 -33  -15   20  -47   31  -28   24 -112   33   37  -12  -25   20   17   19   52  -54   74  -69   32   19   13  -14  -34   31  -25   -4  -14  -18  -14   30  -74   13  -41  -29  -64    7   -6  -14  -15  -51  -17  -52   70   -4  -52   18   10   45   47  -25   18   13   51   68  -52   50  -19   27  -18   48  -15   29  -13  105  -17   39   13   52    9   18   28   20  -71   -4   26   26  -43  -16  -16 
 -34   67  -75  -13  -13  -18   38   19   41   -5  -26    3    0    9   22    2   42  -33    6  -25   31  -13   -5   73   44   -5  -44  -16   11  103   58   22  -26   -4  -17  -55    0   16   16    1   52   -3   -7  -16   91  -19   80   -4  -89  -10    8   35  -74   15  -28    2   14   11   -5  -32   23  -24  -16  -13   -6    8   -9    1   56   41   52   19  -31   28  -40   29  -18  -11  -30   45 
   7    4   56   77    1   23   53   73  -10    8  -46   56   40   53   24   10  -12  -95   36  -29  -48  -39  -37   22  -12    6   55    6   12  -45  -10  -37  -27   46   56   28   -7   11  -19    3   43   42   46   18  -65   65  -33  -25   65  -19   23  -84   57  -34  -16   16  -14   26   22   42  -56   -6  -77   23    3  -32   33   12   49   33   12  -40  -18  -24  -69  -52   31   -4   28    6 
  14    4   51  -98   61   14   46  -23  -44    5  -33  -48   37   57    9   39   79  -76   29   48  -63  -57   24  -18   56  -29   76    9  -20    7  -13   31   -7   32  -14   19    2  -23   -3  -24  -52    4   40   -8  -15    4   27   63  -33  -12   -7   -2    0   27   57   24   -9   64  -34  -32   24  -45  -55   10   42   46  -11   92   -1   64   -2    7   21 -120   64  -40   27   39  -92  -24 
 -44  -23  -19  -20  -66   68   18  -27   12  -29   17    9   40    7  -31   -4   82  -37   21   11  -60    6   32  -30   -7   26  -15  -46   35  -33   27   15    3   47   14   69   29  -38   31   -7   67  -51   70  -20  -88   77  -84   -2  -47   -8  -28  -22   25  -25   12    3  -18   -9   97   75  -29  -26   38  -51   17   13  -64  -53   47   -8   16    7  -20   49   25   -9   36   -7   95  -21 
 -39   31   17   21    3   22   44   43   -7  -65  -40 -116   53  -31   16  -56  -37    0   28   43    7  -10   92  -66   -8   14    4  -38   -5   41  -46    3   10   31   20   14  -67  -25 -112   69  -47  -36   50   16   42  113  -17  -12   29   11  -15  -41   42  -45  -54  -12  -31    3  -59  -50    7   44   -9    4   25   13  -16   18  -39  -28  -24  -25   53   17   25  -60   57   34  -40   80 
 -53   20   23   35   50   23  -36   41   35   39   20   41   -4  -21  -61   26   11   33  -45   52   16    1  -23  -37   -8  -53   36   -1  -74  -33   -8  -78    7  -30  -31   -2  -10  -15  -13   -9   14   29  -37   47  -29    5   12   19   16  -49   -4   20  -39  -38   38   33  -50   29   18  -34  -16  -60   31  -22   85  -50   -9   18  -14   12   -7   10    6   20  -12   -7  -41  -76  -13  -17 
  35  -41  -28   75   44   10  -49   75  -23  -12   25   54   -9    0   31   47  -50   68  -19  -21   11   13  -34    7    2  -45   22  -40  -22  -65  -63   42    5  -13  -28  -46   -6  -15   21   -2   -2   73   34   -3    8   38   24   17   -8  -74   29   -5    6  -69  -61  -11   46   -9  -24   22  -33   92   45    3  -13  -19   -5   -1   77   38   -9   -7   26  -17   -1  -31  -24  -16  -30   32 
 -42  -55   19  -16   28   -7  -19    5   18   -2  -27  -14    7  -21    4  -11  -24    5   24   11   59  -40   35  -33   -2   35  -23   44  -17   28  -25   13   -7   34  -45  -82  -12    0   24  -14   92   63  -55  -60   -5   20  -11  -69   91   -4  -98  -25  -46    2  -25   25    7  -26  -13  -43    2  -49   36  -24  -24   -5  -36   32    6  -12  -46   64  -33    8  -31   25    6   40   48   -8 
 -25  -21  -21  -53   46   31   39 -103   10  -28   49  -41  -74    3  -41  -38  -10   -8   49    9   18   54   74   49  -55   10  -16   24   36   53   46  -85    0   18   -9   41   50   12   45   30  -29  -13    1   -9  -13  -16   41   -5  -32  -44  -50   45   18   55   13   -4  -17   -9  -19   44   43  -22    9    7  -48   -7  -28   34  -14   15  -52  -24   15  -28  -24   11   31  -31  -31  -59 
 -13    8   26   34  -35  -13   26    2  -20   34   22   85   44   30   19  -33    5  -59   39  -13  -24    1  -39  -29  -25   58  -34  -19   13   60   47   31  -40   29    6  -49   30  -59   -2    3   56   42   57   44  -26  -29  -50  -61    8   24   27  -32   14   27   37   10   28   19   56   37   20  -18   41   20   43  -23 -110   -8   34   19  -23   17  -21  -18  -28   59   10  -29   42    6 
  65  -60    9   29    2   32  -34    6  -43   -1   23   46   54   18   26  -83  -32   -8   14  -53    7   -5   19    2  -32  -13   21   -4  -27   38   13   16    6  -56    5   21   36  -42  -59  -19  -26   53  -64  -20   47  -65  -23  -92  -37  -15   28  -26   40  -60   -7   49  -20   -4    4  -21   12   12   63   11  -36    7  -65  -20  -20  -28   25    0   -3   20  -22   29   16   64  -49   15 
  74  -69   64  -39  -62  -31   55   14   76  -36   14  -80   28  -60  -24  -41   18   11   37   41   21   61   56  -59  -20   56  -31  -16    2  -51  -98   -8   -2   42    9  -36  -59    4  -32   -4   17  -73    7   11    7  -16   18   48    9  -40  -53  -27   84   39   16  -56   17  -30  -57  -15   34   54   67   13   21   19   32    4  -58  -47   17  -16   -1   43   50  -10  -38  -37   23  -26 
 -18   46   50  -67   61   27   20   28  -16   -2   40  -32  -66   35    9    1   20  -33   13   38    5   -4   16  -31  -20  -13   -2   12  -52   43   38   40    2   10   11  -51  -22   60    0  -30  -31   14    3  -34   16    3   32  -19   -6  -33 -110    7   40   -9   42  -30  -52  -17    4   63   -3  -27  -29  -58   17   29  -63   39   37  -22  -42  -20   54  -38    7   31  -26   16   -2  -20 
 -26  -36   32   21   51  -11   -7   77   23  -89   -1   16  -12   -3    7  -49   31    9   82  -47   95   -8   26  -15  -32  -21  -66   39  -37  -46  -22   32   10   46  -45   36    9  -16  -19   15   38    7   34   28   22   -5    4   21  -69  -38  -14   36  -52  -19  -85   -2  -41  -53   -5  -37  -16   54   -1   12  -67    5   36   32   -6  -36    4   39   -9   67  -17  -14  -53   38  -63   81 
 -15   20  -34   63   -2  -15  -39    8   30   50   23   -2   12   83   25   30   65  -39  -53   -7  -20   31   32   -9  -36  -32   10   29  -38   36   34   -3    5  -49   16  -20   58   55   -4   21  -73  -14   76  -23   24   23  -45   13   -5   13  -38   55   73    7   10  -25   -3  -71   36  -17   47  -68  -71  -24  -14   11  -70   27   17   -2   -2  -26    0   20  -87  -15  -13  -17   23  109 
 -26   24  -32  -27  -12    3   28  -12   20   70   24    3  -25  -72  -31  -20  -52   18    5  -28  -51  -13   40   -9   31   33  -56  -43    3   78   55   17    4  -29   56   71   30   -2  -60   10  -17    3   -5   19   19  -36  -22  -37  -68  -56    8    2  -33   81   -1   12  -20   13  -18    9   35   -9   63   30   32  -31  -14  -21  -33  -48   -8   17    3   -9    2   14  -39  -93  -24   19 
  -5  -37   24    8  -65  -21  -25   -3  -19  -12  -24    2   30   52    0  -16  101  -59   16  -81  -27  -19   39  -33    7  -42   16   24  -22  -57  -36  -13   19   76  -45   49   35   -3  -32  -52   37   -7   54  -23  -67   60  -65   -4  -29   20  -22  -64   26   -4   37   37  -13   -1   11   29  -22   14  -16  -42   -5  -54  -24    9   40   14   27   20  -22   -4   52  -10  -72  -43   28  -15 
 -15   46   22  -20  -68   29   25  -48   90   57  -14   75   10    8  -62  -61   29  -59    3   47  -48  -18  -41   15  -26   64  -51   19  -42   80   79   64  -60    0  -15   10   11  -22  -60  -15   24  -78   -8   97   11    9   -1  -15    7   30   39  -32  -48  -23  -18  -19  -15  -41    2  -41   41  -19   29  -70   82  -31  -52   31   24  -22  -18  -44  -38   47  -23  -43  -15  -69   78   12 

Result Matrix (3x5):
   2    5   -6  -12   -5 
 -11   -7    6   -6   -6 
  -1  -16   -6    8   15 

Result Matrix (4x100):
   4   -3    8   19    0    4    1   14    9    5    5   -7    6    5   -1    7    7    4   -1   -4  -17  -10    7    6    2    4   10    2   -2    2  -13  -13    8    8   12   -9    6    8    1    6   -8   -8  -19  -18    6   -3   -5    7   -6    6   -4   12    0  -21   -7   -1   -1   -6    1  -22  -19   -9   -6   -7  -11  -20    0    6   -8   -3    7    4   -8  -15   -4   -4   -1    1    2   17    5  -26  -12   -5   15    6    8    7    1  -10  -15   15   -6  -17    7    7    6    4    1   -7 
  -9    8  -14  -22    3   -9   -2   -3    0    2  -10   -4  -10    4   -6   -7  -12   12   14   14    4   17    0   -3   -2  -11    7   -4   10    1   27    5    0   -7  -16    5   11   -7   -1   -1   -2    5   20   12   -4   -7   -4    2   18   -3    6  -22   13   11   16   -7   -2   12   -1   22    9    8   -1    6    4   15   -5    2   13   -2  -10    4    1   13    1   -9   -6    9   -3  -10  -16   19    9   -7   -9   -8  -12   -6   -5    8   22   -7   18   21   -4    6    3  -12    2   -7 
   1   18  -10   -2   14    3    2    0   -3   12    2    7    5   16  -12    6  -12    5   10    2  -11    3   -6   -4   -2  -10    6    7   12    9   15   -2   -6   12   -9   -7   16    9    0    4   -5   -4   -2    0   -8    0   -6   14   14   -4   -8  -12    7    4    4    3  -13   -1   12    0    2   -8    2   -1   -3   -1    3    9   16   -6  -11    7    4    9    2  -19    1    4   10   -2  -13    0    2   -8    3  -16    3  -12   -6    4   10   -3   -4    7   -5    7    2  -10   -6  -14 
  -3   -5    2    3   -1  -13    1   -3   11  -11   -3   -9  -18    5   -1    2    1   10    9   12    1    7    3    1   -8  -13    7    6   -6    1    6   -8   26   -9  -12   10    3    1   -4    7    6    9   -5   -8   12   -2   -7   -3    2   15   12  -20    1   -2   11  -22   -9   20   -2   -6    4   17  -25    7   -3   -5   -1   -6   -7  -19   -1   -2   -3    2   -9   -5    1    0    9   -7  -13    3   15   -4   -8    8    2    5   10   10    3   -4    6   -4   11    9   13    2   -1   -2 

Result Matrix (5x100):
 -90  -20  -22   83   11   14  -48   64  -34  -30  -15   -9   38    6  -35  -14   68  -72   50  -40  -85  -14    1  -38 -104   44  -19  -59  -44  -89  -42  -20  -34   23   -7   12   29  -10  -20   -9  -16  -33  -81   -4    1  -62   -5  -14   99  -38   35  -19  -17   32   -1   54   14    6   10   46   43   13   68  -62   26  -89  -41   16   64   16   18   59    0  -32    9   78   30   11    7  -33  -18  -37    0   -6  -38   -4   47   17  -14  -23   18   41   30  -26   34   31  -53   79   16  -55 
 -54  -36   -9   30   29  -22  -75    2  -45    9   38   50   37  -25   11  -13  -15   23   -2   35   -4   22  -42  -43  -26   23    9  -73  -12   35   44  -17  -53   57   47    8  -57    1    7  -75   22  -52  -13  -42   -7  -25   43  -32   33  -63  -34   32   -5   37  -10  -39  -36  -17   14   58   40   14  -36    8  -19  -48   47   46   14  -10   34   50   31  -11   17   19   27  -41   64  -53   -7    1  -36    0  -37   60  -21  -36    6  -22   22  -44  -14   -3   53  -16   33  -21   -8  -30 
  57  -21   13  -42  -38   22   -6   44   -6   86   27   27 -113   41    9  -12   71   15    4   60    6    4  -47   15   16   82   42  -40    1   35    1  -27   31  -82  -56  -39  -13  -37  -21  -66  -54  -39   70   19   24  -37  -36  -49  -33  -46   35    9   62    2  -28   43   49  -26   92  -15  -56  -36    1  -23  -53   38  -48   18   -6  -15  -34    5  -14  -50  -46   21   -7  -80    2   60   29  -67  114   59   20   15   22   59    4    6   14   -6   15   49  -34   38   12   45  -31  -65 
 -26   51  -36   47  -30   49  -22  -23  -44  -49  -14    1  -32   72   31  -24  -73  -12   -1  -38  -25    5   28  -44  -20  -22  -39   53   41  -53   25  -14  -28  -26   34  -13  -28   19    3  -11   51  -30  -70  -26  -29  -20   45   68   -5   52    6   37  -67   15  -94    8   49    3  -71   43   29    4  -40   48   68  -55   52   -2  -53   14   16   13  -26    6  -45   34    8   45  -16  -14   28   68  -24  -36   30   13   13  -19    4  -27  -58  -22  -34   70  -38  -28  -46    0  -10  -15 
 -11  -17    5  -28   -2  -14   -3   36  -58  -19  -11   29   72  -34   -4   83   11  -30   14   60   -8   36   19   11   47  -54  -46  -29   20   42  -18  -34   25   15  -15   71    9  -19  -27  -54  -73   33   10  -22    9  -65   37  -27   18  -20  -14  -31   -2   20   14  -30   13  -39   29   -6   11   58   24  -30  -35    9   49   -3   16   -7    2    0  -57  -71   45   13   16  -63  -21   15    0    9   15   39    6  -21  -80   29  -32    5   -2  -11   26   50  -41  -15  -59   77  -24   -2 

Result Matrix (3x5):
   2    5   -6  -12   -5 
 -11   -7    6   -6   -6 
  -1  -16   -6    8   15 

Result Matrix (4x100):
   4   -3    8   19    0    4    1   14    9    5    5   -7    6    5   -1    7    7    4   -1   -4  -17  -10    7    6    2    4   10    2   -2    2  -13  -13    8    8   12   -9    6    8    1    6   -8   -8  -19  -18    6   -3   -5    7   -6    6   -4   12    0  -21   -7   -1   -1   -6    1  -22  -19   -9   -6   -7  -11  -20    0    6   -8   -3    7    4   -8  -15   -4   -4   -1    1    2   17    5  -26  -12   -5   15    6    8    7    1  -10  -15   15   -6  -17    7    7    6    4    1   -7 
  -9    8  -14  -22    3   -9   -2   -3    0    2  -10   -4  -10    4   -6   -7  -12   12   14   14    4   17    0   -3   -2  -11    7   -4   10    1   27    5    0   -7  -16    5   11   -7   -1   -1   -2    5   20   12   -4   -7   -4    2   18   -3    6  -22   13   11   16   -7   -2   12   -1   22    9    8   -1    6    4   15   -5    2   13   -2  -10    4    1   13    1   -9   -6    9   -3  -10  -16   19    9   -7   -9   -8  -12   -6   -5    8   22   -7   18   21   -4    6    3  -12    2   -7 
   1   18  -10   -2   14    3    2    0   -3   12    2    7    5   16  -12    6  -12    5   10    2  -11    3   -6   -4   -2  -10    6    7   12    9   15   -2   -6   12   -9   -7   16    9    0    4   -5   -4   -2    0   -8    0   -6   14   14   -4   -8  -12    7    4    4    3  -13   -1   12    0    2   -8    2   -1   -3   -1    3    9   16   -6  -11    7    4    9    2  -19    1    4   10   -2  -13    0    2   -8    3  -16    3  -12   -6    4   10   -3   -4    7   -5    7    2  -10   -6  -14 
  -3   -5    2    3   -1  -13    1   -3   11  -11   -3   -9  -18    5   -1    2    1   10    9   12    1    7    3    1   -8  -13    7    6   -6    1    6   -8   26   -9  -12   10    3    1   -4    7    6    9   -5   -8   12   -2   -7   -3    2   15   12  -20    1   -2   11  -22   -9   20   -2   -6    4   17  -25    7   -3   -5   -1   -6   -7  -19   -1   -2   -3    2   -9   -5    1    0    9   -7  -13    3   15   -4   -8    8    2    5   10   10    3   -4    6   -4   11    9   13    2   -1   -2 

Result Matrix (5x100):
 -90  -20  -22   83   11   14  -48   64  -34  -30  -15   -9   38    6  -35  -14   68  -72   50  -40  -85  -14    1  -38 -104   44  -19  -59  -44  -89  -42  -20  -34   23   -7   12   29  -10  -20   -9  -16  -33  -81   -4    1  -62   -5  -14   99  -38   35  -19  -17   32   -1   54   14    6   10   46   43   13   68  -62   26  -89  -41   16   64   16   18   59    0  -32    9   78   30   11    7  -33  -18  -37    0   -6  -38   -4   47   17  -14  -23   18   41   30  -26   34   31  -53   79   16  -55 
 -54  -36   -9   30   29  -22  -75    2  -45    9   38   50   37  -25   11  -13  -15   23   -2   35   -4   22  -42  -43  -26   23    9  -73  -12   35   44  -17  -53   57   47    8  -57    1    7  -75   22  -52  -13  -42   -7  -25   43  -32   33  -63  -34   32   -5   37  -10  -39  -36  -17   14   58   40   14  -36    8  -19  -48   47   46   14  -10   34   50   31  -11   17   19   27  -41   64  -53   -7    1  -36    0  -37   60  -21  -36    6  -22   22  -44  -14   -3   53  -16   33  -21   -8  -30 
  57  -21   13  -42  -38   22   -6   44   -6   86   27   27 -113   41    9  -12   71   15    4   60    6    4  -47   15   16   82   42  -40    1   35    1  -27   31  -82  -56  -39  -13  -37  -21  -66  -54  -39   70   19   24  -37  -36  -49  -33  -46   35    9   62    2  -28   43   49  -26   92  -15  -56  -36    1  -23  -53   38  -48   18   -6  -15  -34    5  -14  -50  -46   21   -7  -80    2   60   29  -67  114   59   20   15   22   59    4    6   14   -6   15   49  -34   38   12   45  -31  -65 
 -26   51  -36   47  -30   49  -22  -23  -44  -49  -14    1  -32   72   31  -24  -73  -12   -1  -38  -25    5   28  -44  -20  -22  -39   53   41  -53   25  -14  -28  -26   34  -13  -28   19    3  -11   51  -30  -70  -26  -29  -20   45   68   -5   52    6   37  -67   15  -94    8   49    3  -71   43   29    4  -40   48   68  -55   52   -2  -53   14   16   13  -26    6  -45   34    8   45  -16  -14   28   68  -24  -36   30   13   13  -19    4  -27  -58  -22  -34   70  -38  -28  -46    0  -10  -15 
 -11  -17    5  -28   -2  -14   -3   36  -58  -19  -11   29   72  -34   -4   83   11  -30   14   60   -8   36   19   11   47  -54  -46  -29   20   42  -18  -34   25   15  -15   71    9  -19  -27  -54  -73   33   10  -22    9  -65   37  -27   18  -20  -14  -31   -2   20   14  -30   13  -39   29   -6   11   58   24  -30  -35    9   49   -3   16   -7    2    0  -57  -71   45   13   16  -63  -21   15    0    9   15   39    6  -21  -80   29  -32    5   -2  -11   26   50  -41  -15  -59   77  -24   -2 

Result Matrix (3x100):
-425 -621  240  144  765 -732 -156  -30  561  152  221  -87  963 -1053 -421 -148  456  175    8 -109  114 -182 -357   92 -429  245  453 -734 -746  213  -80  375 -308 1060  224   99  142   74  220  405  155  103  143   90  126  538 -304 -575  531 -639 -312 -221  383  -43 1174 -291 -1099  242  245  -14  219  -26  310 -372 -366  -31 -428  193  790  -61  208  182  836  464  694 -348   61   72  619 -598 -581 -528 -651 -129 -771  151  101 -417   90  107  768  217  178 -1451 1198  165  834 -602  418  320 
1932  142  569 -1489 -360  -78 1167 -532 1265 1191  211 -269 -1595  127  200 -181  155  973 -590  423 1197 -222 -281 1007 1260  303  908  776  208 1010  118  465  949 -1078 -702 -770  116 -119  189  618 -170  475 1762  740  302 1145 -954 -162 -1596  391  111    3 1008 -809  393   69   20  113  596 -1224 -1329 -829 -394  380 -669 1819 -772 -360 -616 -238 -748 -1047  197  519 -494 -1147 -705 -206 -291 1088  253 -464  990  402  581 -238  164  359  304  575   92   19  -94 -119 -475  257 1054 -914 -102  527 
 239  875 -125 -355 -517  388 1063   -4 -432 -1307 -1032 -510  872  214   -7 1347 -673 -932  160 -284 -207  218 1462  449  969 -1890 -1379 1456  858 -475 -738 -168  847 -426 -362 1055  872   83 -347  707 -699 1354 -541   24 -130 -451  448  959 -199 1438  137 -716 -841 -216 -213  -74  855 -139 -919 -630   50  881  542    6  615  324  728 -921 -436  241 -200 -785 -1475 -509  310  -41 -116  540 -1486  634  180 1102  -75  -51  840 -1257 -939  488 -554  198 -948  358  222 1090 -1597 -452 -1800 1142 -142  775 

