x	y	z
40	11719.1	292.98
11	1197.7	108.89
25	3881.0	155.24
14	1984.0	141.71
9	919.2	102.14
49	8547.4	174.44
12	836.8	69.74
159	31099.4	195.59
3	366.1	122.04
286	68191.5	238.43
648	196566.6	303.34
104	20797.4	199.97
6	1612.9	268.82
40	8150.5	203.76
21	5272.2	251.06
28	8493.3	303.33
53	4257.7	80.33
84	23801.5	283.35
66	13768.0	208.61
223	53711.5	240.86
115	16755.5	145.70
161	45538.8	282.85
1891	599493.0	317.02
55	11902.4	216.41
75	12692.3	169.23
399	155529.8	389.80
154	35516.4	230.63
17	4252.6	250.15
131	37831.5	288.79
411	115554.9	281.16
65	21786.3	335.17
118	11867.8	100.57
184	59389.2	322.77
258	71396.6	276.73
106	15035.9	141.85
206	49860.9	242.04
67	12283.5	183.34
418	195394.7	467.45
83	24476.6	294.90
136	29014.8	213.34
7	2290.4	327.20
34	7643.2	224.80
41	12415.4	302.81
48	13412.5	279.43
31	2271.8	73.28
19	4349.0	228.89
10	1359.8	135.98
48	7397.1	154.11
12	2222.1	185.18
598	166728.6	278.81
41	10686.3	260.64
184	34630.8	188.21
18	2167.0	120.39
6	1093.9	182.32
11	1312.1	119.28
3	273.9	91.30
93	19875.9	213.72
31	4531.3	146.17
31	4592.9	148.16
19	2885.0	151.84
33	6672.1	202.18
1212	328999.8	271.45
150	22247.4	148.32
4	255.8	63.95
203	58393.8	287.65
190	50405.9	265.29
48	8301.1	172.94
45	7947.9	176.62
38	5222.8	137.44
72	8458.9	117.49
171	30950.4	181.00
8	588.6	73.57
145	32413.8	223.54
25	3459.0	138.36
43	8010.7	186.29
13	2576.8	198.22
547	161919.9	296.01
106	27292.2	257.47
14	1273.7	90.98
122	28696.1	235.21
7	332.8	47.54
29	5046.4	174.01
17	2007.0	118.06
8	1400.7	175.09
17	2110.6	124.15
18	2649.9	147.22
45	9463.5	210.30
18	2719.4	151.08
603	176808.7	293.22
21	1601.3	76.25
442	112701.5	254.98
4	511.2	127.79
11	1593.0	144.81
8	1168.4	146.05
16	3367.9	210.50
84	9249.4	110.11
37	4773.9	129.02
17	2731.4	160.67
19	2216.4	116.65
19	1640.3	86.33
30	4393.5	146.45
8	640.8	80.10
15	2497.1	166.47
73	12532.2	171.67
1627	523013.7	321.46
22	2701.6	122.80
42	7424.0	176.76
473	88878.5	187.90
2	319.0	159.48
51	7867.0	154.26
27	5590.8	207.07
45	5350.2	118.89
6	1546.1	257.68
26	2948.6	113.41
6	951.1	158.52
22	5476.0	248.91
28	8005.2	285.90
48	4901.5	102.11
113	26439.5	233.98
31	3980.7	128.41
25	3861.4	154.45
44	6475.0	147.16
7	1070.5	152.93
21	2908.9	138.52
47	6397.0	136.11
94	11880.1	126.38
40	6088.8	152.22
200	39829.0	199.15
48	9019.9	187.91
8	1666.4	208.30
13	2035.7	156.59
15	2155.3	143.68
301	84024.4	279.15
37	6935.9	187.46
6	771.8	128.64
33	5080.9	153.97
779	213815.1	274.47
122	15353.2	125.85
43	12104.0	281.49
18	2380.7	132.26
11	1124.0	102.18
5	407.9	81.57
630	163727.6	259.89
192	43872.6	228.50
16	1208.3	75.52
10	874.8	87.48
24	3996.6	166.52
6	454.8	75.80
62	15932.4	256.97
17	1992.1	117.18
31	3073.4	99.14
12	1465.4	122.12
77	17420.9	226.25
389	169617.3	436.03
92	15560.6	169.14
8	1407.8	175.98
33	6752.4	204.62
200	14412.3	72.06
13	1720.1	132.32
33	4785.5	145.02
234	67490.3	288.42
2	174.0	87.00
32	3437.5	107.42
63	8609.7	136.66
792	185396.2	234.09
21	3268.0	155.62
467	114052.0	244.22
9	1921.3	213.48
233	49436.8	212.18
18	4256.2	236.46
10	1356.3	135.63
27	3331.1	123.38
20	2678.7	133.94
20	2378.1	118.91
14	1790.1	127.86
16	1948.7	121.80
16	2403.0	150.18
46	8142.8	177.02
50	6245.0	124.90
192	35287.2	183.79
33	7495.2	227.13
19	2819.0	148.37
21	724.2	34.49
12	1254.6	104.55
32	4783.7	149.49
14	1984.2	141.73
37	6567.1	177.49
10	1154.3	115.43
114	14325.3	125.66
47	5501.7	117.06
13	2063.2	158.71
278	30287.9	108.95
21	2854.2	135.91
66	13302.6	201.55
140	23053.4	164.67
25	4101.5	164.06
55	10329.4	187.81
36	2087.1	57.98
1704	468210.2	274.77
51	7209.2	141.36
30	11042.9	368.10
38	5417.1	142.55
98	18924.7	193.11
33	5605.9	169.87
178	25839.3	145.16
34	7589.1	223.21
66	7449.0	112.86
10	1270.5	127.05
27	3856.9	142.85
116	21193.2	182.70
231	59017.6	255.49
52	15971.5	307.14
39	5284.8	135.51
132	20336.3	154.06
187	35220.5	188.35
13	1804.4	138.80
13	1864.9	143.46
9	1487.3	165.26
5	1101.5	220.29
26	2248.5	86.48
5	770.5	154.10
10	2126.9	212.69
75	18656.6	248.75
276	65812.1	238.45
269	79978.0	297.32
24	2126.5	88.60
128	23826.4	186.14
3887	1410982.0	363.00
593	165783.7	279.57
277	55424.4	200.09
6	598.7	99.79
280	81999.5	292.86
198	35364.0	178.61
4	444.9	111.22
29	5574.8	192.23
28	3302.3	117.94
10	936.3	93.63
12	1937.8	161.48
282	67299.6	238.65
614	170415.7	277.55
30	2956.9	98.56
145	21398.8	147.58
174	43159.5	248.04
4	733.5	183.37
5	358.7	71.74
348	62546.2	179.73
15	1076.1	71.74
53	10377.5	195.80
146	18699.6	128.08
36	5503.5	152.88
82	10950.4	133.54
69	11160.3	161.74
94	21406.7	227.73
19	3082.5	162.24
69	13102.7	189.89
568	153860.7	270.88
28	2838.4	101.37
39	5448.6	139.71
25	4343.6	173.74
52	5911.5	113.68
50	6889.8	137.80
4	558.4	139.59
54	7512.2	139.11
25	3738.1	149.53
58	9857.1	169.95
31	4191.3	135.20
848	198535.8	234.12
36	5501.3	152.81
1098	352236.5	320.80
16	2456.8	153.55
27	3948.3	146.23
221	48828.8	220.94
187	48496.7	259.34
48	2224.2	46.34
12	2102.8	175.23
24	1041.8	43.41
15	535.9	35.73
11	871.5	79.23
4	423.2	105.80
24	2393.5	99.73
51	8386.8	164.45
4	290.4	72.59
9	1660.4	184.49
9	1622.2	180.24
6	1126.3	187.72
68	8588.8	126.31
164	31272.9	190.69
109	21200.7	194.50
16	895.0	55.93
12	1773.4	147.78
10	1278.9	127.89
13	2649.1	203.78
14	3626.7	259.05
231	53357.2	230.98
45	5196.0	115.47
5	848.8	169.76
51	11135.0	218.33
447	146258.7	327.20
113	25233.1	223.30
319	34223.3	107.28
172	26672.8	155.07
12	1025.8	85.48
12	1879.9	156.66
33	7392.5	224.02
1050	167215.0	159.25
6	902.7	150.45
131	18097.1	138.15
402	76221.1	189.60
14	1995.1	142.51
529	83827.8	158.46
23	3248.0	141.22
32	5370.4	167.83
7	652.3	93.19
12	1877.8	156.49
130	19784.9	152.19
17	2866.3	168.60
133	24356.4	183.13
31	4198.8	135.45
280	42917.8	153.28
3	505.4	168.48
12	1328.5	110.71
35	3945.0	112.71
61	7576.5	124.20
84	18085.1	215.30
5	1089.7	217.93
34	6878.2	202.30
52	9471.3	182.14
976	253523.1	259.76
82	11699.4	142.68
172	43950.8	255.53
121	34008.9	281.07
105	25600.4	243.81
30	7492.2	249.74
14	3427.4	244.81
19	3556.0	187.16
26	5287.3	203.36
9	1257.9	139.76
16	2702.3	168.90
39	4624.1	118.57
14	1881.9	134.42
44	4258.6	96.79
16	2888.3	180.52
166	28637.0	172.51
453	114309.2	252.34
12	1961.6	163.47
25	2969.4	118.78
19	2835.7	149.25
21	2219.7	105.70
46	7083.5	153.99
9	1154.3	128.26
14	2188.7	156.34
18	3244.0	180.22
11	444.4	40.40
